Time VID_DEN VID_SN VID_RN VID_Biomass DOL_DEN DOL_SN DOL_RN DOL_Biomass CET_DEN CET_SN CET_RN CET_Biomass BIR_DEN BIR_SN BIR_RN BIR_Biomass
0.000000e+00 9.865868e+03 1.014582e+03 2.688644e+03 4.165051e+00 4.025600e+04 1.285989e+04 3.407872e+04 2.154099e+02 2.012800e+04 2.589084e+07 6.861072e+07 2.168425e+05 1.944000e+04 7.242567e+01 1.919277e+02 5.858493e-01
1.000000e+00 9.865859e+03 1.014604e+03 2.688702e+03 4.165138e+00 4.025600e+04 1.285989e+04 3.407872e+04 2.154099e+02 2.012798e+04 2.589085e+07 6.861075e+07 2.168424e+05 1.944000e+04 7.242995e+01 1.919390e+02 5.858838e-01
2.000000e+00 9.865851e+03 1.014626e+03 2.688760e+03 4.165224e+00 4.025600e+04 1.285989e+04 3.407872e+04 2.154100e+02 2.012796e+04 2.589086e+07 6.861078e+07 2.168423e+05 1.943999e+04 7.243423e+01 1.919503e+02 5.859183e-01
3.000000e+00 9.865842e+03 1.014648e+03 2.688819e+03 4.165311e+00 4.025600e+04 1.285990e+04 3.407872e+04 2.154100e+02 2.012795e+04 2.589087e+07 6.861080e+07 2.168422e+05 1.943999e+04 7.243852e+01 1.919617e+02 5.859528e-01
4.000000e+00 9.865833e+03 1.014669e+03 2.688874e+03 4.165394e+00 4.025600e+04 1.285990e+04 3.407873e+04 2.154100e+02 2.012793e+04 2.589088e+07 6.861083e+07 2.168421e+05 1.943999e+04 7.244280e+01 1.919731e+02 5.859874e-01
5.000000e+00 9.865825e+03 1.014690e+03 2.688930e+03 4.165477e+00 4.025600e+04 1.285990e+04 3.407873e+04 2.154100e+02 2.012791e+04 2.589089e+07 6.861086e+07 2.168420e+05 1.943998e+04 7.244709e+01 1.919844e+02 5.860220e-01
6.000000e+00 9.865816e+03 1.014711e+03 2.688986e+03 4.165559e+00 4.025600e+04 1.285990e+04 3.407873e+04 2.154100e+02 2.012789e+04 2.589090e+07 6.861088e+07 2.168419e+05 1.943998e+04 7.245138e+01 1.919958e+02 5.860565e-01
7.000000e+00 9.865808e+03 1.014732e+03 2.689042e+03 4.165642e+00 4.025600e+04 1.285990e+04 3.407873e+04 2.154100e+02 2.012787e+04 2.589091e+07 6.861091e+07 2.168418e+05 1.943997e+04 7.245566e+01 1.920071e+02 5.860911e-01
8.000000e+00 9.865799e+03 1.014753e+03 2.689097e+03 4.165725e+00 4.025600e+04 1.285990e+04 3.407874e+04 2.154100e+02 2.012786e+04 2.589092e+07 6.861094e+07 2.168417e+05 1.943997e+04 7.245995e+01 1.920185e+02 5.861257e-01
9.000000e+00 9.865790e+03 1.014774e+03 2.689153e+03 4.165808e+00 4.025600e+04 1.285990e+04 3.407874e+04 2.154101e+02 2.012784e+04 2.589093e+07 6.861096e+07 2.168416e+05 1.943997e+04 7.246424e+01 1.920299e+02 5.861603e-01
1.000000e+01 9.865782e+03 1.014795e+03 2.689209e+03 4.165891e+00 4.025600e+04 1.285990e+04 3.407874e+04 2.154101e+02 2.012782e+04 2.589094e+07 6.861099e+07 2.168415e+05 1.943996e+04 7.246853e+01 1.920412e+02 5.861949e-01
1.100000e+01 9.865773e+03 1.014816e+03 2.689265e+03 4.165973e+00 4.025600e+04 1.285990e+04 3.407874e+04 2.154101e+02 2.012780e+04 2.589095e+07 6.861102e+07 2.168413e+05 1.943996e+04 7.247282e+01 1.920526e+02 5.862295e-01
1.200000e+01 9.865764e+03 1.014838e+03 2.689321e+03 4.166056e+00 4.025600e+04 1.285990e+04 3.407874e+04 2.154101e+02 2.012779e+04 2.589096e+07 6.861104e+07 2.168412e+05 1.943996e+04 7.247712e+01 1.920640e+02 5.862641e-01
1.300000e+01 9.865756e+03 1.014859e+03 2.689376e+03 4.166139e+00 4.025600e+04 1.285990e+04 3.407875e+04 2.154101e+02 2.012777e+04 2.589097e+07 6.861107e+07 2.168411e+05 1.943995e+04 7.248141e+01 1.920754e+02 5.862987e-01
1.400000e+01 9.865747e+03 1.014880e+03 2.689432e+03 4.166222e+00 4.025600e+04 1.285991e+04 3.407875e+04 2.154101e+02 2.012775e+04 2.589098e+07 6.861110e+07 2.168410e+05 1.943995e+04 7.248570e+01 1.920867e+02 5.863333e-01
1.500000e+01 9.865739e+03 1.014901e+03 2.689488e+03 4.166305e+00 4.025600e+04 1.285991e+04 3.407875e+04 2.154101e+02 2.012773e+04 2.589099e+07 6.861113e+07 2.168409e+05 1.943994e+04 7.248999e+01 1.920981e+02 5.863679e-01
1.600000e+01 9.865730e+03 1.014922e+03 2.689544e+03 4.166387e+00 4.025600e+04 1.285991e+04 3.407875e+04 2.154102e+02 2.012771e+04 2.589100e+07 6.861115e+07 2.168408e+05 1.943994e+04 7.249428e+01 1.921095e+02 5.864025e-01
1.700000e+01 9.865721e+03 1.014943e+03 2.689600e+03 4.166470e+00 4.025600e+04 1.285991e+04 3.407876e+04 2.154102e+02 2.012770e+04 2.589101e+07 6.861118e+07 2.168407e+05 1.943994e+04 7.249858e+01 1.921209e+02 5.864371e-01
1.800000e+01 9.865713e+03 1.014964e+03 2.689655e+03 4.166553e+00 4.025600e+04 1.285991e+04 3.407876e+04 2.154102e+02 2.012768e+04 2.589102e+07 6.861121e+07 2.168406e+05 1.943993e+04 7.250287e+01 1.921322e+02 5.864718e-01
1.900000e+01 9.865704e+03 1.014985e+03 2.689711e+03 4.166636e+00 4.025600e+04 1.285991e+04 3.407876e+04 2.154102e+02 2.012766e+04 2.589103e+07 6.861123e+07 2.168405e+05 1.943993e+04 7.250716e+01 1.921436e+02 5.865064e-01
2.000000e+01 9.865696e+03 1.015006e+03 2.689767e+03 4.166719e+00 4.025600e+04 1.285991e+04 3.407876e+04 2.154102e+02 2.012764e+04 2.589104e+07 6.861126e+07 2.168404e+05 1.943993e+04 7.251146e+01 1.921550e+02 5.865410e-01
2.100000e+01 9.865687e+03 1.015027e+03 2.689823e+03 4.166801e+00 4.025600e+04 1.285991e+04 3.407877e+04 2.154102e+02 2.012762e+04 2.589105e+07 6.861129e+07 2.168403e+05 1.943992e+04 7.251575e+01 1.827849e+02 5.657848e-01
2.200000e+01 9.865678e+03 1.015048e+03 2.689879e+03 4.166884e+00 4.025600e+04 1.285991e+04 3.407877e+04 2.154102e+02 2.012761e+04 2.589106e+07 6.861131e+07 2.168402e+05 1.943992e+04 7.251858e+01 1.827977e+02 5.658194e-01
2.300000e+01 9.865670e+03 1.015069e+03 2.689934e+03 4.166967e+00 4.025600e+04 1.285991e+04 3.407877e+04 2.154103e+02 2.012759e+04 2.589107e+07 6.861134e+07 2.168400e+05 1.943992e+04 7.252141e+01 1.828106e+02 5.658540e-01
2.400000e+01 9.865661e+03 1.015090e+03 2.689990e+03 4.167050e+00 4.025600e+04 1.285991e+04 3.407877e+04 2.154103e+02 2.012757e+04 2.589108e+07 6.861137e+07 2.168399e+05 1.943991e+04 7.252424e+01 1.828234e+02 5.658887e-01
2.500000e+01 9.865653e+03 1.015111e+03 2.690046e+03 4.167133e+00 4.025600e+04 1.285991e+04 3.407877e+04 2.154103e+02 2.012755e+04 2.589109e+07 6.861139e+07 2.168398e+05 1.943991e+04 7.252707e+01 1.828362e+02 5.659233e-01
2.600000e+01 9.865644e+03 1.015132e+03 2.690102e+03 4.167215e+00 4.025600e+04 1.285992e+04 3.407878e+04 2.154103e+02 2.012754e+04 2.589110e+07 6.861142e+07 2.168397e+05 1.943990e+04 7.252990e+01 1.828491e+02 5.659579e-01
2.700000e+01 9.865635e+03 1.015153e+03 2.690158e+03 4.167298e+00 4.025600e+04 1.285992e+04 3.407878e+04 2.154103e+02 2.012752e+04 2.589111e+07 6.861145e+07 2.168396e+05 1.943990e+04 7.253273e+01 1.828619e+02 5.659925e-01
2.800000e+01 9.865627e+03 1.015174e+03 2.690213e+03 4.167381e+00 4.025600e+04 1.285992e+04 3.407878e+04 2.154103e+02 2.012750e+04 2.589112e+07 6.861147e+07 2.168395e+05 1.943990e+04 7.253556e+01 1.828748e+02 5.660272e-01
2.900000e+01 9.865618e+03 1.015196e+03 2.690269e+03 4.167464e+00 4.025600e+04 1.285992e+04 3.407878e+04 2.154103e+02 2.012748e+04 2.589113e+07 6.861150e+07 2.168394e+05 1.943989e+04 7.253840e+01 1.828876e+02 5.660618e-01
2.950000e+01 9.865609e+03 1.015217e+03 2.690325e+03 4.167547e+00 4.025600e+04 1.285992e+04 3.407879e+04 2.154104e+02 2.012746e+04 2.589114e+07 6.861153e+07 2.168393e+05 1.943989e+04 7.254123e+01 1.829005e+02 5.660964e-01
